1,test1-1,test1-1.mp4,960,540,67,29.97,
1,215,143,239,369,
2,303,135,385,142,
5,225,348,197,233,
7,369,347,292,384,
21,509,267,565,209,
22,515,203,529,205,
33,686,406,690,421,
40,747,193,639,208,
42,809,135,722,208,
43,834,121,788,112,
$
1,test1-2,test1-2.mp4,960,540,67,29.97,
1,239,369,349,114,
2,385,142,285,158,
5,197,233,177,265,
7,292,384,364,340,
21,565,209,584,207,
22,529,205,465,237,
33,690,421,664,386,
40,639,208,671,246,
42,722,208,721,242,
43,788,112,790,122,
$
1,test1-3,test1-3.mp4,960,540,69,29.97,
1,349,114,224,170,
2,285,158,377,112,
5,177,265,145,235,
7,364,340,343,342,
21,584,207,541,208,
22,465,237,396,226,
33,664,386,700,376,
40,671,246,594,166,
42,721,242,795,136,
43,790,122,683,203,
$