2
0 552.5968 134.5323
0 731.629 136.4677
552.5968 134.5323
731.629 136.4677
2
17
634.8548 197.4355 1701
638.7258 196.4677 1801
644.5323 191.629 1901
631.9516 183.8871 2001
626.1452 191.629 2101
656.1452 210.0161 2201
669.2111 212.0489 2301
684.2097 214.8548 2401
682.2742 210.0161 2501
714.2097 156.7903 2601
729.6935 148.0806 2701
729.6935 148.0806 2801
724.194 144.0073 2901
720.0161 138.4032 3001
726.7903 148.0806 3101
731.629 136.4677 3201
735.3967 135.9103 3301
2
634 197 1701
640 201 1801
647.0 191.0 1901
634.0 189.0 2001
626.0 192.0 2101
659.0 214.0 2201
673.0 219.0 2301
684.0 214.0 2401
685.0 212.0 2501
714.0 162.0 2601
733.0 145.0 2701
733.0 145.0 2801
733.0 145.0 2901
728.0 143.0 3001
729.0 144.0 3101
734.0 136.0 3201
738.0 130.0 3301
5 0.00 0.00
0.00
10.000 0.000 10.000
